tree
version=v4
num_class=1
num_tree_per_iteration=1
label_index=0
max_feature_idx=36
objective=binary sigmoid:1
feature_names=xau_tr xau_tr_ratio_5v60 xau_tr_ratio_20v60 xau_dir_cons_5 xau_dir_cons_15 xau_net_ret_15 xau_net_ret_30 xau_net_ret_60 xau_dist_from_hi_60_pct xau_dist_from_lo_60_pct xau_range_60_pct wti_tr wti_tr_ratio_5v60 wti_tr_ratio_20v60 wti_dir_cons_5 wti_dir_cons_15 wti_net_ret_15 wti_net_ret_30 wti_net_ret_60 wti_dist_from_hi_60_pct wti_dist_from_lo_60_pct wti_range_60_pct spx_tr spx_tr_ratio_5v60 spx_tr_ratio_20v60 spx_dir_cons_5 spx_dir_cons_15 spx_net_ret_15 spx_net_ret_30 spx_net_ret_60 spx_dist_from_hi_60_pct spx_dist_from_lo_60_pct spx_range_60_pct time_hour_sin time_hour_cos time_dow_sin time_dow_cos
feature_infos=[0:69.829999999999927] [0:11.999999992079209] [0:2.9999999992417288] [0.59999999999999998:1] [0.53333333333333333:1] [-0.041401872216328295:0.035230779192243711] [-0.061062552128299363:0.03350694862237602] [-0.071916433394381363:0.041898287957320424] [0:0.079874332194769485] [0:0.047513161068272608] [0:0.086028209230731248] [0:1.5350000000000037] [0:11.999999539347428] [0:2.9999999767110883] [0.59999999999999998:1] [0.53333333333333333:1] [-0.055044083978761704:0.059121917089382414] [-0.05539685116052584:0.06477591036414565] [-0.05539685116052584:0.090606961693195709] [0:0.060528194147037966] [0:0.0947072975140337] [0:0.094947874899759449] [0:136.27400000000034] [0:11.999999990173867] [0:2.9999999990852677] [0.59999999999999998:1] [0.53333333333333333:1] [-0.042069898193946687:0.053625882682896586] [-0.044219240245856328:0.053998346851412027] [-0.044219240245856328:0.068058975574083247] [0:0.046265045403540934] [0:0.072189494477413282] [0:0.074350720204405238] [-1:1] [-1:1] [-0.78183148246802991:0.97492791218182362] [-0.90096886790241903:1]
tree_sizes=5797 7113

Tree=0
num_leaves=53
num_cat=0
split_feature=36 33 7 13 21 34 17 18 9 31 33 5 21 27 22 19 18 9 0 31 31 30 21 8 8 0 31 30 7 7 18 7 20 20 10 0 1 0 11 0 1 19 0 0 0 0 0 0 10 0 0 2
split_gain=3.7562e+08 1.18848e+08 5.01478e+07 3.22523e+07 2.10394e+07 5.03782e+06 6.34801e+06 3.35332e+06 788450 5.07022e+06 748491 3.07913e+06 321301 839447 2.4233e+06 173214 891647 2.30173e+06 52106.1 148072 160614 20889.8 46992.3 68764.2 122181 14226.4 11433.6 35430.9 59057.7 88862 1947.8 2988.29 4425.12 9880.17 8.03979e-12 2.84217e-14 2.84217e-14 3.55271e-15 1.77636e-15 8.88178e-16 8.88178e-16 8.88178e-16 2.22045e-16 2.22045e-16 2.22045e-16 1.11022e-16 1.11022e-16 1.11022e-16 1.11022e-16 5.55112e-17 5.55112e-17 5.55112e-17
threshold=0.81174490092936691 0.60355339059327384 -0.002863670074242541 0.75054532545810015 0.0028746475359737382 -0.37940952255126015 -0.0015667785963999201 -0.00036049546504196556 0.0021605086715701803 0.0012923795501342396 0.91597561503675362 0.0023565248349958216 0.0034752389226759715 0.00046303139912584618 3.0639999999998513 0.0036151351007911634 0.0048824952610714298 1.2276451597985018e-05 0.64999999999986369 0.00084837610119013372 0.00080443982901329291 0.00034660181400551418 0.0068923368588881427 0.0050956949568623225 0.0048942518166545526 0.87000000000011835 0.00056316199818413177 0.0014276512635776975 0.00046685955651826211 0.0004195769595303212 0.0061743437924507436 -0.0033178109453207978 0.0010196364051810989 0.0013876301445564321 1.0000000180025095e-35 14.706500000000235 1.5976212946700146 1.1900000000002822 0.022000000000002021 4.0205000000003119 9.1196557753393073 0.00064293289213428445 0.55300000000011107 3.5600000000001732 4.4100000000000827 5.6200000000001191 2.180500000000166 1.5299999999999729 0.003647298971500098 3.2215000000001059 2.1229999999998204 2.9999999802987993
decision_type=2 2 2 2 2 2 2 2 2 2 2 2 2 2 2 2 2 2 2 2 2 2 2 2 2 2 2 2 2 2 2 2 2 2 2 2 2 2 2 2 2 2 2 2 2 2 2 2 2 2 2 2
left_child=2 34 3 10 41 6 7 46 12 43 11 45 13 14 47 18 17 -17 19 20 -14 22 23 24 -20 -11 27 28 29 -23 31 -28 -33 -34 -2 36 -4 -36 -39 -5 -38 -3 -8 -10 -41 49 -6 -7 -19 50 -1 -42
right_child=1 4 35 39 5 8 42 -9 9 25 -12 -13 15 -15 -16 16 -18 48 21 -21 -22 26 -24 -25 -26 -27 30 -29 -30 -31 -32 32 33 -35 37 -37 40 38 -40 44 51 -43 -44 -45 -46 -47 -48 -49 -50 -51 -52 -53
leaf_value=-7.9281436975012349 -7.9281438924166734 -7.9281436974823993 -7.9281436972853321 -7.9281436974816319 -7.9281436974816319 -7.9281436974794959 -7.9281436974816319 70.936718645690036 -7.9281436974816319 72.402076082729437 72.793066353445937 71.979272538014243 56.334055968984053 71.847448377736484 72.630068672812911 72.392192632166541 72.759507439590607 -7.9281436974816319 58.674618034231294 72.060863164447497 72.421850282627489 60.53968387647803 72.633796666143411 72.749535845481788 72.839369018013514 69.514676659464769 72.874812795609529 72.694238265242944 72.026248401515787 72.689757999754534 72.884694125307007 72.814011207454456 72.783199857504144 71.248263273563296 -7.9281436974816319 -7.9281436974816319 -7.9281436974816319 -7.9281436974816319 -7.9281436974816319 -7.9281436974816319 -7.9281436974816319 -7.9281436974816319 -7.9281436974816319 -7.9281436974816319 -7.9281436974816319 -7.9281436974816319 -7.9281436974816319 -7.9281436974816319 -7.9281436974816319 -7.9281436974816319 -7.9281436974816319 -7.9281436974816319
leaf_weight=0.26723573449999216 0.19226126454305159 1.1387211575638496 129.45901113183936 5.7099368604831389 0.46654905314790074 0.40864797733956826 0.25572975148679589 4.0965013371314853 0.75048702105414022 3.0163307307520881 11.006308478943538 2.0215270951157436 1.2568431197432792 4.0497350835939869 1.0025980112259276 1.0055672971648153 6.0059378880541772 0.3752435105270705 1.2126749914023087 9.0875929094618169 1.0051961364224553 1.1796416853321743 8.0204129290650581 2.0022267365129665 0.99999988602939982 3.128792435687501 21.99034731334541 20.036000312597025 5.0508484518504702 1.0018556897412054 44.974755940842442 13.004081286548173 8.0055664993706142 7.140669123560655 11.935415992105847 0.082768845546523973 5.9768014342407687 2.2611112424638105 5.7700649007456377 0.25572975148679677 0.29544395091943432 2.0046391694922931 1.3294977791374547 0.082768845546524972 1.5930219062138347 0.076087952184025198 0.083882327773608267 0.096872953756246716 0.096501793013885617 0.101698043406941 0.10763661528471857 0.11283286567777395
leaf_count=720 518 3068 348795 15384 1257 1101 689 272 2022 53 50 64 695 146 10 18 34 1011 576 263 17 487 79 12 3 356 40 157 152 8 67 50 39 400 32157 223 16103 6092 15546 689 796 5401 3582 223 4292 205 226 261 260 274 290 304
internal_value=33.3045 61.0571 -1.2432 41.7416 68.9873 70.3911 43.911 61.5951 71.3853 61.5156 69.387 54.8237 71.8185 64.7325 45.627 72.0751 67.6236 46.7438 72.3034 70.3513 63.4831 72.4679 71.286 68.7213 65.0763 70.932 72.5861 72.0445 70.2446 66.1196 72.7414 72.6128 72.4081 72.0596 -7.92814 -7.92814 -7.92814 -7.92814 -7.92814 -7.92814 -7.92814 -7.92814 -7.92814 -7.92814 -7.92814 -7.92814 -7.92814 -7.92814 -7.92814 -7.92814 -7.92814 -7.92814
internal_weight=352.589 195.523 157.066 21.1392 175.364 172.22 6.23216 4.64693 165.988 6.97838 13.5805 2.57419 159.01 5.55785 1.50812 153.452 7.48325 1.47731 145.969 11.3496 2.26204 134.619 12.2353 4.2149 2.21267 6.14512 122.384 27.2683 7.23235 2.1815 95.1154 50.1407 28.1503 15.1462 20.1589 135.927 135.844 19.9666 8.03118 7.55869 6.38508 3.14336 1.58523 0.833256 1.84875 0.552658 0.550431 0.505521 0.471745 0.47657 0.374872 0.408277
internal_count=465537 77348 388189 21968 23035 14566 6026 1755 8540 2654 1603 1553 5886 1518 1372 4368 1323 1289 3045 975 712 2070 670 591 579 409 1400 804 647 495 596 529 489 439 54313 366221 365998 53795 21638 20365 17203 8469 4271 2245 4981 1489 1483 1362 1271 1284 1010 1100
is_linear=0
shrinkage=1


Tree=1
num_leaves=63
num_cat=0
split_feature=36 33 20 9 19 20 20 31 19 20 19 9 9 19 33 20 19 34 20 9 19 19 13 19 16 17 18 18 20 19 19 20 19 20 19 19 31 20 20 20 19 31 31 10 13 31 27 7 13 33 5 19 20 6 7 12 0 1 0 0 0 5
split_gain=446696 1.90866e+06 4.5363e+06 1.21459e+07 4.95969e+07 2.45094e+08 5.06414e+08 711906 388923 601827 1.24937e+06 5.5593e+06 5.83585e+06 9.98357e+06 317180 154726 181646 134102 1.337e+06 3.09233e+06 9.10803e+06 1.31127e+07 1.22656e+07 160906 208786 100628 1.05301e+06 1.36953e+06 90598.9 117618 276003 63883.6 37303.2 89103 34178.7 136864 31792.8 48078.1 8954.2 6493.48 27803.2 2958.49 2193.59 2074.53 9456.93 2009.29 738.325 701.251 10050.7 18186.5 7065.2 603.378 199.835 12.924 2.26063 11.6829 2.84217e-14 2.84217e-14 3.55271e-15 8.88178e-16 8.88178e-16 8.88178e-16
threshold=0.81174490092936691 0.91597561503675362 0.0029782440534712458 0.0021605086715701803 0.0036151351007911634 0.0032362459546925247 0.0033488907320776071 0.00088264806545744782 0.0016361256547543768 0.001271829751164916 0.0036151351007911634 0.002366814616572985 0.0017619314511488 0.0017630422275743604 0.60355339059327384 0.0024603174025318556 0.0004152249154834267 -1.0000000180025095e-35 0.0029122228776702706 0.0020969096489903537 0.0036151351007911634 0.00014740783440542708 1.0518493633850776 0.0023036160880374385 -0.00026684679697519526 -0.0015667785963999201 -0.001478981779439281 -0.00098667982906824859 0.00075811818354588748 0.0036151351007911634 0.0022044649398663464 0.0024603174025318556 0.0036151351007911634 0.00031828634649288357 0.0028307974118794155 0.0036151351007911634 0.00098013151396175355 0.0013008557397114998 0.002211158845173053 0.0016392150562253792 0.00076316802770956288 0.0013075492316601547 0.00054941045783826715 0.021624084412539584 0.84806036774029991 0.00060437423391816346 0.00039583442639345995 -0.002963690615862213 0.75054532545810015 0.60355339059327384 0.00026653947393817662 0.0019189000531322725 0.0019254302918174531 -0.0013288015775061999 -0.002863670074242541 0.70262694030766959 9.5084999999999145 2.0323010526223793 2.1229999999998204 5.6200000000001191 0.54999999999995464 0.00031635818665232135
decision_type=2 2 2 2 2 2 2 2 2 2 2 2 2 2 2 2 2 2 2 2 2 2 2 2 2 2 2 2 2 2 2 2 2 2 2 2 2 2 2 2 2 2 2 2 2 2 2 2 2 2 2 2 2 2 2 2 2 2 2 2 2 2
left_child=43 14 8 4 5 -4 -7 -5 15 28 11 12 13 -11 58 38 -17 25 23 20 21 -20 -23 31 32 26 -16 -28 34 30 -30 36 33 -25 42 -36 39 -38 41 51 -41 46 -10 47 -45 -37 52 48 49 50 -1 53 -3 -19 55 -49 57 -56 -2 60 -50 -59
right_child=1 2 3 7 -6 6 -8 -9 9 10 -12 -13 -14 -15 17 16 -18 18 19 -21 -22 22 -24 24 -26 -27 27 -29 29 -31 -32 -33 -34 -35 35 45 37 -39 -40 40 -42 -43 -44 44 -46 -47 -48 54 59 -51 -52 -53 -54 -55 56 -57 -58 61 -60 -61 -62 -63
leaf_value=-0.030010813485514508 -0.030010813485544709 -0.030010813485514487 -280.67493656776605 -0.030010813485514341 -15.220935177706401 -916.19989746902036 -26069.227694727084 -122.04452959221551 -0.030010813485514362 -194.36907767987097 -4.5018589484748981 -10.007239692787948 -120.99616467930754 -1910.4524449196128 -0.030010813485514449 -2.9695933375152848 -79.269451767945043 -0.44854433868238497 -169.80974505390927 -6.0016155635585946 -0.030010813485513516 -3229.7602173067276 -620.06417652995299 -7.1263124223167384 -80.135194881260588 -0.030010813485514494 -0.030010813485513581 -286.19962575962211 -10.868882448892039 -4.2412104967865858 -113.66895669299696 -29.014294500419187 -3.6967856600216225 -57.255217091933297 -53.386495689755044 -0.91920837413509304 -1.0304693301723302 -29.444049080574111 -11.264229296793122 -0.03001081348551439 -21.36491189100866 -6.5945957604157242 -6.2147760249342934 -12.880185847101556 -0.0300108134855144 -7.322523526708383 -3.2645029111234578 -0.44854433868238913 -0.030010813485514227 -17.188089065333148 -10.337952832566813 -2.3435711333237732 -1.3690489407230912 -0.030010813485514487 -0.030010813485514508 -0.030010813485514428 -0.030010813485514508 -0.030010813485514501 -0.030010813485514508 -0.030010813485514473 -0.030010813485514508 -0.030010813485514487
leaf_weight=0.33714271173812349 16.183210313407482 0.95919983051135183 0.016568979423027375 0.1800976024242118 0.057271037570899352 0.0021611712290905407 0.0010805856145452708 0.056550647161202505 0.17757623599027272 0.0064835136872716248 0.10733817104483023 0.069157479330897331 0.015128198603633791 0.0057631232775747776 0.47581786560476758 0.061233184824231901 0.051868109498172998 0.071678845764835963 0.0093650753260589026 0.095451729284832254 0.030256397207267582 0.0032417568436358115 0.0032417568436358124 0.080323530681198463 0.056550647161202394 1.6212386170227544 0.032417568436358124 0.028095225978177374 0.052588499907869846 0.064114746463019401 0.042503034172113985 0.090048801212105789 0.1145420751417987 0.052948695112718269 0.069157479330897331 0.10121485256240703 0.11994500321452495 0.096892510104225948 0.077441969042410963 0.2215200509817804 0.073119626584229991 0.07311962658422988 0.072759431379381567 0.063034160848473131 0.28275323580601253 0.078162359452107921 0.074200212198775151 0.071678845764835297 0.094010948465438449 0.083925482729682699 0.072759431379381567 0.11670324637088925 0.11202070870785974 0.90192879294045236 128.96321055831504 0.36920008496963419 0.3097678761696433 1.4029603228846093 3.3800718022976062 0.81728291980107304 5.7912185035529546 1.1238090391270814
leaf_count=936 44929 2663 203 500 194 73 1018 393 493 60 314 215 103 384 1321 176 281 200 79 284 84 361 76 243 328 4501 90 350 165 187 279 343 333 267 315 284 337 370 246 615 264 219 217 202 785 236 215 201 261 293 227 335 317 2504 358037 1025 860 3895 9384 2269 16078 3120
internal_value=-0.728096 -4.30367 -28.7909 -135.72 -462.785 -1756.65 -9300.54 -29.1872 -14.0193 -29.8926 -74.9305 -153.243 -515.102 -1001.94 -1.65081 -4.30939 -37.9606 -9.03282 -14.3581 -103.451 -305.203 -887.806 -1924.91 -8.04022 -28.1213 -3.75643 -15.0208 -132.894 -15.94 -35.6442 -56.8174 -4.4276 -16.2518 -27.0424 -9.65175 -17.5326 -3.04539 -13.7269 -1.37262 -1.37302 -5.32461 -0.74398 -1.8276 -0.0516873 -2.37249 -3.70941 -0.370497 -0.045932 -0.334332 -4.46476 -1.85972 -0.305162 -0.170038 -0.060824 -0.0302377 -0.0980567 -0.0300108 -0.0300108 -0.0300108 -0.0300108 -0.0300108 -0.0300108
internal_weight=166.226 26.4434 2.58476 0.31373 0.0770818 0.0198107 0.00324176 0.236648 2.27103 0.861947 0.20387 0.0965323 0.0273748 0.0122466 23.8586 1.40908 0.113101 4.29533 2.13776 0.141557 0.046105 0.0158486 0.00648351 1.9962 0.304365 2.15757 0.536331 0.0605128 0.658077 0.159206 0.0950915 1.69184 0.247814 0.133272 0.49887 0.248535 1.60179 0.216838 1.29598 1.38495 0.29464 1.21854 0.250336 139.783 0.345787 0.179377 1.14542 139.437 7.19634 0.493828 0.409902 1.09031 1.07122 0.973608 132.241 0.440879 131.8 131.49 19.5633 6.70251 5.88523 2.52677
internal_count=465537 77348 9750 2381 1488 1294 1091 893 7369 3252 1076 762 547 444 67598 4117 457 13285 7023 884 600 516 437 6139 1171 6262 1761 440 2176 631 444 4968 843 510 1545 835 4625 707 3660 3918 879 3414 710 388189 987 520 3195 387202 20064 1456 1163 3039 2980 2704 367138 1226 365912 365052 54313 18608 16339 7015
is_linear=0
shrinkage=0.03


end of trees

feature_importances:
xau_tr=17
wti_dist_from_hi_60_pct=17
wti_dist_from_lo_60_pct=15
spx_dist_from_lo_60_pct=9
xau_net_ret_60=6
xau_dist_from_lo_60_pct=6
wti_net_ret_60=5
time_hour_sin=5
wti_tr_ratio_20v60=4
xau_tr_ratio_5v60=3
xau_net_ret_15=3
xau_range_60_pct=3
wti_range_60_pct=3
xau_dist_from_hi_60_pct=2
wti_net_ret_30=2
spx_net_ret_15=2
spx_dist_from_hi_60_pct=2
time_hour_cos=2
time_dow_cos=2
xau_tr_ratio_20v60=1
xau_net_ret_30=1
wti_tr=1
wti_tr_ratio_5v60=1
wti_net_ret_15=1
spx_tr=1

parameters:
[boosting: gbdt]
[objective: binary]
[metric: binary_logloss,auc,average_precision]
[tree_learner: serial]
[device_type: cpu]
[data_sample_strategy: bagging]
[data: ]
[valid: ]
[num_iterations: 2000]
[learning_rate: 0.03]
[num_leaves: 63]
[num_threads: 0]
[seed: 0]
[deterministic: 0]
[force_col_wise: 0]
[force_row_wise: 0]
[histogram_pool_size: -1]
[max_depth: -1]
[min_data_in_leaf: 200]
[min_sum_hessian_in_leaf: 0.001]
[bagging_fraction: 0.8]
[pos_bagging_fraction: 1]
[neg_bagging_fraction: 1]
[bagging_freq: 5]
[bagging_seed: 3]
[bagging_by_query: 0]
[feature_fraction: 0.8]
[feature_fraction_bynode: 1]
[feature_fraction_seed: 2]
[extra_trees: 0]
[extra_seed: 6]
[early_stopping_round: 0]
[early_stopping_min_delta: 0]
[first_metric_only: 0]
[max_delta_step: 0]
[lambda_l1: 0]
[lambda_l2: 0]
[linear_lambda: 0]
[min_gain_to_split: 0]
[drop_rate: 0.1]
[max_drop: 50]
[skip_drop: 0.5]
[xgboost_dart_mode: 0]
[uniform_drop: 0]
[drop_seed: 4]
[top_rate: 0.2]
[other_rate: 0.1]
[min_data_per_group: 100]
[max_cat_threshold: 32]
[cat_l2: 10]
[cat_smooth: 10]
[max_cat_to_onehot: 4]
[top_k: 20]
[monotone_constraints: ]
[monotone_constraints_method: basic]
[monotone_penalty: 0]
[feature_contri: ]
[forcedsplits_filename: ]
[refit_decay_rate: 0.9]
[cegb_tradeoff: 1]
[cegb_penalty_split: 0]
[cegb_penalty_feature_lazy: ]
[cegb_penalty_feature_coupled: ]
[path_smooth: 0]
[interaction_constraints: ]
[verbosity: -1]
[saved_feature_importance_type: 0]
[use_quantized_grad: 0]
[num_grad_quant_bins: 4]
[quant_train_renew_leaf: 0]
[stochastic_rounding: 1]
[linear_tree: 0]
[max_bin: 255]
[max_bin_by_feature: ]
[min_data_in_bin: 3]
[bin_construct_sample_cnt: 200000]
[data_random_seed: 1]
[is_enable_sparse: 1]
[enable_bundle: 1]
[use_missing: 1]
[zero_as_missing: 0]
[feature_pre_filter: 1]
[pre_partition: 0]
[two_round: 0]
[header: 0]
[label_column: ]
[weight_column: ]
[group_column: ]
[ignore_column: ]
[categorical_feature: ]
[forcedbins_filename: ]
[precise_float_parser: 0]
[parser_config_file: ]
[objective_seed: 5]
[num_class: 1]
[is_unbalance: 0]
[scale_pos_weight: 2692.25]
[sigmoid: 1]
[boost_from_average: 1]
[reg_sqrt: 0]
[alpha: 0.9]
[fair_c: 1]
[poisson_max_delta_step: 0.7]
[tweedie_variance_power: 1.5]
[lambdarank_truncation_level: 30]
[lambdarank_norm: 1]
[label_gain: ]
[lambdarank_position_bias_regularization: 0]
[eval_at: ]
[multi_error_top_k: 1]
[auc_mu_weights: ]
[num_machines: 1]
[local_listen_port: 12400]
[time_out: 120]
[machine_list_filename: ]
[machines: ]
[gpu_platform_id: -1]
[gpu_device_id: -1]
[gpu_device_id_list: ]
[gpu_use_dp: 0]
[num_gpu: 1]

end of parameters

pandas_categorical:null
